=== Top AGE Features ===

Median age for split: 39.5

OLD features: [953, 1476, 610, 1414, 1320, 1446, 1074, 605, 1997, 525]
YOUNG features: [317, 163, 1203, 994, 1958, 1240, 654, 502, 1771, 107]

OLD feature statistics:
      feature_idx   cohen_d        p_value  old_mean  young_mean
953           953  4.426382  1.878011e-198 -0.100943   -0.107126
1476         1476  4.331483  8.890823e-196 -0.085959   -0.087395
610           610  3.593413  5.497116e-173  0.123262    0.121595
1414         1414  3.391769  4.702133e-166  0.041275    0.036577
1320         1320  3.325026  1.105351e-163 -0.158543   -0.160284
1446         1446  3.308110  4.475407e-163 -0.003950   -0.006558
1074         1074  3.255017  3.748529e-161  0.027350    0.026840
605           605  3.247320  7.159287e-161  0.393949    0.384295
1997         1997  3.215454  1.056360e-159  0.034755    0.031955
525           525  3.107176  1.170634e-155  0.074809    0.070618

YOUNG feature statistics:
      feature_idx   cohen_d        p_value  old_mean  young_mean
317           317  4.833820  2.233189e-209  0.017567    0.017876
163           163  4.493177  2.640470e-200 -0.101790   -0.100318
1203         1203  3.537110  4.382970e-171  0.173586    0.186899
994           994  3.527169  9.555172e-171  0.384245    0.387258
1958         1958  3.476800  5.099585e-169 -0.048489   -0.039700
1240         1240  3.346451  1.896785e-164  0.072124    0.074243
654           654  3.264901  1.636269e-161  0.141714    0.146355
502           502  3.243962  9.495122e-161  0.113582    0.121171
1771         1771  3.241778  1.141411e-160 -0.020624   -0.013532
107           107  3.239254  1.411671e-160 -0.021120   -0.015466

Full results saved to age_features_analysis.csv

=== Comparison with Current Features ===
Current OLD features: [17, 222, 374, 1329, 1510, 1538, 1557, 1624, 2210, 2811, 2979, 3184, 3185, 3377, 3523, 3826, 4462]
Overlap with identified: set()

Current YOUNG features: [478, 1533, 1403]
Overlap with identified: set()