
=== Top SEX Features ===

MALE features: [1476, 1997, 793, 728, 126, 238, 1202, 1738, 317, 356]
FEMALE features: [953, 694, 696, 346, 861, 1989, 610, 486, 1899, 311]

MALE feature statistics:
      feature_idx   cohen_d       p_value  male_mean  female_mean
1476         1476  4.887287  6.490725e-71  -0.091190    -0.097177
1997         1997  4.250704  3.457657e-65   0.036943     0.015300
793           793  3.885457  1.524235e-61  -0.078707    -0.079601
728           728  3.811793  9.005094e-61   0.203447     0.195904
126           126  3.443333  1.043684e-56  -0.131878    -0.134731
238           238  3.442986  1.053256e-56  -0.169752    -0.182238
1202         1202  3.440193  1.134451e-56  -0.350042    -0.366571
1738         1738  3.434888  1.306121e-56  -0.156465    -0.167786
317           317  3.383411  5.179576e-56  -0.004456    -0.010647
356           356  3.340477  1.656448e-55  -0.462360    -0.488023

FEMALE feature statistics:
      feature_idx   cohen_d       p_value  male_mean  female_mean
953           953  4.415686  9.629574e-67  -0.113726    -0.102882
694           694  4.296930  1.252131e-65  -0.385734    -0.363473
696           696  4.087476  1.353963e-63   0.130139     0.148989
346           346  4.014486  7.282052e-63  -0.234769    -0.223289
861           861  3.593684  2.075423e-58   0.161620     0.164636
1989         1989  3.452480  8.189051e-57  -0.115938    -0.104685
610           610  3.405877  2.833030e-56   0.114528     0.125640
486           486  3.399676  3.345292e-56   0.026632     0.044030
1899         1899  3.281230  8.411815e-55   0.124266     0.144479
311           311  3.261532  1.451643e-54  -0.037808    -0.033001

Full results saved to sex_features_analysis.csv

=== Comparison with Current Features ===
Current MALE features: [17, 222, 374, 1329, 1510, 1538, 1557, 1624, 2210, 2811, 2979, 3184, 3185, 3377, 3523, 3826, 4462]
Overlap with identified: set()

Current FEMALE features: [1577, 1343, 1699, 856, 382, 184, 507]
Overlap with identified: set()